Batch,Batch_Size,Train_Loss,Test_Loss,lr,grad_norm,Train_Valid_Dim_Loss,Train_Feature_Loss,Test_Valid_Dim_Loss,Test_Feature_Loss
1000,32,0.05940699577331543,,0.0002,0.9999991655349731,0.026289787143468857,0.03311720862984657,,
2000,32,0.05321958661079407,,0.0002,0.9999991655349731,0.02315150573849678,0.030068080872297287,,
3000,32,0.02405598945915699,,0.0002,0.3014202117919922,0.010480767115950584,0.013575222343206406,,
4000,32,0.02116832695901394,,0.0002,0.09930947422981262,0.009949525818228722,0.011218801140785217,,
5000,32,0.026450052857398987,0.03643591292202473,0.0002,0.2168649584054947,0.0120780598372221,0.014371993951499462,0.014688268397003412,0.021747644804418088
6000,32,0.03279552236199379,,0.0002,0.47640562057495117,0.01312004029750824,0.01967548206448555,,
7000,32,0.10157850384712219,,0.0002,0.9999999403953552,0.030038435012102127,0.07154007256031036,,
8000,32,0.01694301888346672,,0.0002,0.26012828946113586,0.008198348805308342,0.008744670078158379,,
9000,32,0.09455593675374985,,0.0002,0.9999998807907104,0.036268532276153564,0.05828740447759628,,
10000,32,0.023365255445241928,0.019001307524740697,0.0002,0.6981074213981628,0.010177697986364365,0.013187558390200138,0.009366480028256774,0.009634827543050051
11000,32,0.017355889081954956,,0.0002,0.1644853949546814,0.009379260241985321,0.007976628839969635,,
12000,32,0.015346463769674301,,0.0002,0.07494953274726868,0.008393175899982452,0.006953288335353136,,
13000,32,0.02247568592429161,,0.0002,0.8327010273933411,0.010139704681932926,0.01233598217368126,,
14000,32,0.015434293076395988,,0.0002,0.896877646446228,0.00658561522141099,0.008848677389323711,,
15000,32,0.014322962611913681,0.01965546850115061,0.0002,0.05776432901620865,0.0075806621462106705,0.0067423004657030106,0.008487385185435414,0.01116808345541358
16000,32,0.01387363113462925,,0.0002,0.1348458081483841,0.006495320238173008,0.007378310896456242,,
17000,32,0.010615343227982521,,0.0002,0.09339964389801025,0.005778884515166283,0.004836458247154951,,
18000,32,0.018777426332235336,,0.0002,0.9999992251396179,0.007075686939060688,0.011701738461852074,,
19000,32,0.01191098801791668,,0.0002,0.7295024394989014,0.00514903012663126,0.006761958356946707,,
20000,32,0.06599558144807816,0.018000291753560306,0.0002,0.9999999403953552,0.010606996715068817,0.05538858473300934,0.006232509529218078,0.011767782410606742
21000,32,0.034334711730480194,,0.0002,0.9999998211860657,0.012271031737327576,0.022063681855797768,,
22000,32,0.008300612680613995,,0.0002,0.2304786741733551,0.004545875359326601,0.0037547373212873936,,
23000,32,0.01612200029194355,,0.0002,0.9999994039535522,0.006757729221135378,0.00936427153646946,,
24000,32,0.013706887140870094,,0.0002,0.9999991655349731,0.005271404981613159,0.008435482159256935,,
25000,32,0.008648546412587166,0.011877168854698538,0.0002,0.09652286022901535,0.003791532013565302,0.004857014864683151,0.004828806407749653,0.007048362353816629
26000,32,0.012971348129212856,,0.0002,0.9999990463256836,0.004565137438476086,0.00840621069073677,,
27000,32,0.007624878082424402,,0.0002,0.0856701135635376,0.003936647437512875,0.0036882306449115276,,
28000,32,0.019084002822637558,,0.0002,0.9999995827674866,0.006939480546861887,0.012144521810114384,,
29000,32,0.01218465156853199,,0.0002,0.9999992847442627,0.0043962448835372925,0.00778840621933341,,
30000,32,0.00885937362909317,0.006722397776320577,0.0002,0.5379688143730164,0.004026524722576141,0.004832848906517029,0.0032046358101069927,0.003517761989496648
31000,32,0.004252821672707796,,0.0002,0.07540211826562881,0.0022187582217156887,0.0020340634509921074,,
32000,32,0.006351453252136707,,0.0002,0.2456771731376648,0.0029810727573931217,0.003370380261912942,,
33000,32,0.008834466338157654,,0.0002,0.8377666473388672,0.0032781148329377174,0.005556351505219936,,
34000,32,0.004782542586326599,,0.0002,0.05519717186689377,0.002391843358054757,0.0023906994611024857,,
35000,32,0.006506296806037426,0.012011907063424587,0.0002,0.3068174719810486,0.002730487147346139,0.0037758094258606434,0.003659927169792354,0.008351980010047555
36000,32,0.008663604035973549,,0.0002,0.3954356908798218,0.0023837138433009386,0.006279890425503254,,
37000,32,0.005656183697283268,,0.0002,0.12086060643196106,0.002371916314586997,0.0032842676155269146,,
38000,32,0.008731333538889885,,0.0002,0.9999992251396179,0.0032040385995060205,0.005527295172214508,,
39000,32,0.004812236875295639,,0.0002,0.14179809391498566,0.00213285768404603,0.0026793789584189653,,
40000,32,0.04782426357269287,0.00632124780677259,0.0002,0.9999999403953552,0.005299926735460758,0.04252433776855469,0.0020773411844857035,0.004243906668853015
41000,32,0.004322593100368977,,0.0002,0.1864887773990631,0.001950974459759891,0.0023716185241937637,,
42000,32,0.003236916847527027,,0.0002,0.1457955688238144,0.0014352959115058184,0.0018016209360212088,,
43000,32,0.026007017120718956,,0.0002,0.9999998807907104,0.008514462038874626,0.01749255508184433,,
44000,32,0.0037494495045393705,,0.0002,0.18699370324611664,0.0014550781343132257,0.002294371370226145,,
45000,32,0.007963936775922775,0.009529247600585222,0.0002,0.9999991059303284,0.0020552510395646095,0.005908685736358166,0.0022907829261384904,0.007238464523106813
46000,32,0.0046988120302557945,,0.0002,0.46298620104789734,0.0013290883507579565,0.0033697239123284817,,
47000,32,0.003393470775336027,,0.0002,0.13988246023654938,0.0012154923751950264,0.0021779784001410007,,
48000,32,0.0049099125899374485,,0.0002,0.5389418601989746,0.0017412570305168629,0.0031686555594205856,,
49000,32,0.0033789039589464664,,0.0002,0.13212347030639648,0.0016121433582156897,0.0017667606007307768,,
50000,32,0.008608118630945683,0.005108162341639399,0.0002,0.7330942749977112,0.0020223474130034447,0.006585771217942238,0.0016876826295629144,0.003420479770284146
51000,32,0.003039733273908496,,0.0002,0.18399544060230255,0.0013464577496051788,0.001693275524303317,,
52000,32,0.0033178641460835934,,0.0002,0.1870454102754593,0.001442889217287302,0.0018749749287962914,,
53000,32,0.005390370264649391,,0.0002,0.9999992847442627,0.0012900185538455844,0.004100351594388485,,
54000,32,0.0030467568431049585,,0.0002,0.14146903157234192,0.001059745205566287,0.0019870116375386715,,
55000,32,0.025746122002601624,0.004273024783469736,0.0002,0.9999998211860657,0.0032225665636360645,0.022523555904626846,0.001253157900646329,0.0030198668711818753
56000,32,0.0022794867400079966,,0.0002,0.05214797705411911,0.0012243171222507954,0.0010551696177572012,,
57000,32,0.009159740060567856,,0.0002,0.9999995231628418,0.002096387092024088,0.007063352968543768,,
58000,32,0.004525627940893173,,0.0002,0.7792289853096008,0.0011168381897732615,0.00340878963470459,,
59000,32,0.004540323279798031,,0.0002,0.6150835752487183,0.001203248742967844,0.003337074536830187,,
60000,32,0.001849873922765255,0.002935909538064152,0.0002,0.09992396086454391,0.0006717985961586237,0.0011780753266066313,0.0009712975122965872,0.001964612025767565
61000,32,0.002325755311176181,,0.0002,0.08888228982686996,0.0011461565736681223,0.0011795987375080585,,
62000,32,0.003631987376138568,,0.0002,0.36332371830940247,0.0011405032128095627,0.0024914841633290052,,
63000,32,0.004189498256891966,,0.0002,0.6510823965072632,0.0010141166858375072,0.0031753815710544586,,
64000,32,0.0062131560407578945,,0.0002,0.9999993443489075,0.0018922975286841393,0.004320858512073755,,
65000,32,0.00276926695369184,0.003227314236573875,0.0002,0.11093897372484207,0.0013890813570469618,0.0013801855966448784,0.0011904772429261357,0.00203683702275157
66000,32,0.00250089424662292,,0.0002,0.11996587365865707,0.0008706941152922809,0.0016302000731229782,,
67000,32,0.0018941741436719894,,0.0002,0.06252142041921616,0.0009277613135054708,0.0009664128301665187,,
68000,32,0.015690883621573448,,0.0002,0.9999997019767761,0.003349104430526495,0.01234177965670824,,
69000,32,0.00254204124212265,,0.0002,0.4300837218761444,0.0007218309910967946,0.0018202101346105337,,
70000,32,0.1162993386387825,0.005285683448892087,0.0002,0.9999997615814209,0.010338201187551022,0.1059611365199089,0.0011626636784058063,0.004123019822873175
71000,32,0.013222257606685162,,0.0002,0.9999998211860657,0.002665520878508687,0.010556736961007118,,
72000,32,0.002532222308218479,,0.0002,0.10396241396665573,0.0011447099968791008,0.0013875123113393784,,
73000,32,0.002183920005336404,,0.0002,0.1237102672457695,0.0009414975065737963,0.0012424224987626076,,
74000,32,0.0030333988834172487,,0.0002,0.37381869554519653,0.0007879488985054195,0.0022454499267041683,,
75000,32,0.016092758625745773,0.0056131866062059995,0.0002,0.9999992251396179,0.0027133403345942497,0.013379417359828949,0.0013344676815904676,0.004278718808200211
76000,32,0.012856388464570045,,0.0002,0.9999997615814209,0.003193749114871025,0.00966263934969902,,
77000,32,0.0014732528943568468,,0.0002,0.10277432203292847,0.0004902833607047796,0.0009829695336520672,,
78000,32,0.005374200642108917,,0.0002,0.6447781920433044,0.001210199436172843,0.004164000973105431,,
79000,32,0.0019025723449885845,,0.0002,0.2149425745010376,0.0007812778349034488,0.0011212944518774748,,
80000,32,0.0012925281189382076,0.003770406369585544,0.0002,0.03804552182555199,0.0006518635200336576,0.0006406645406968892,0.0008695285010617227,0.002900877851061523
81000,32,0.002444708254188299,,0.0002,0.40557825565338135,0.0005552059737965465,0.0018895023968070745,,
82000,32,0.001989469164982438,,0.0002,0.14798110723495483,0.0007175979553721845,0.0012718711514025927,,
83000,32,0.0013304805615916848,,0.0002,0.03840237483382225,0.0006084599299356341,0.0007220206316560507,,
84000,32,0.0016583831747993827,,0.0002,0.17409996688365936,0.0005710963159799576,0.001087286858819425,,
85000,32,0.0017741851042956114,0.005493725510314107,0.0002,0.10728780925273895,0.0007191697368398309,0.0010550153674557805,0.0014744307554792613,0.00401929474901408
86000,32,0.0024118416476994753,,0.0002,0.23752711713314056,0.0005991724319756031,0.0018126692157238722,,
87000,32,0.002024531364440918,,0.0002,0.15605412423610687,0.0007046139799058437,0.0013199172681197524,,
88000,32,0.0016353148967027664,,0.0002,0.13205893337726593,0.0007130854646675289,0.0009222293738275766,,
89000,32,0.0011068163439631462,,0.0002,0.06911848485469818,0.0004900672356598079,0.0006167491665109992,,
90000,32,0.001660218695178628,0.00236837420379743,0.0002,0.06427308917045593,0.0007407958037219942,0.0009194229496642947,0.0006185809033922851,0.0017497932713013142
91000,32,0.010561921633780003,,0.0002,0.1957702934741974,0.0008815063629299402,0.009680415503680706,,
92000,32,0.0019423862686380744,,0.0002,0.1456029713153839,0.0005222216714173555,0.0014201645972207189,,
93000,32,0.007326164282858372,,0.0002,0.9999995231628418,0.0010542027885094285,0.006271961610764265,,
94000,32,0.0016512287547811866,,0.0002,0.1560082584619522,0.0006004519527778029,0.0010507768020033836,,
95000,32,0.0014972949866205454,0.007491405808832496,0.0002,0.0635063424706459,0.0006052834796719253,0.000892011565156281,0.0011101148382294923,0.00638129108119756
96000,32,0.0019066923996433616,,0.0002,0.11100955307483673,0.0005391925806179643,0.0013674998190253973,,
97000,32,0.0016879807226359844,,0.0002,0.0981101393699646,0.0007516026962548494,0.0009363779681734741,,
98000,32,0.0016242258716374636,,0.0002,0.056476034224033356,0.0005357291083782911,0.0010884967632591724,,
99000,32,0.0012620524503290653,,0.0002,0.07626711577177048,0.000550120894331485,0.0007119316142052412,,
100000,32,0.0021968656219542027,0.002187986031640321,0.0002,0.5576510429382324,0.0008592773228883743,0.0013375882990658283,0.0008878734370227903,0.0013001125946175307
101000,32,0.018339183181524277,,0.0002,0.9999997615814209,0.002249848796054721,0.016089335083961487,,
102000,32,0.0027564512565732002,,0.0002,0.45057570934295654,0.0008263869094662368,0.0019300642888993025,,
103000,32,0.0010328155476599932,,0.0002,0.050222910940647125,0.00039932597428560257,0.0006334895151667297,,
104000,32,0.0035822622012346983,,0.0002,0.7829434275627136,0.0009650019928812981,0.0026172602083534002,,
105000,32,0.003459200030192733,0.002290600398555398,0.0002,0.90504390001297,0.0008826391422189772,0.0025765609461814165,0.0005898770352359862,0.0017007233516778796
106000,32,0.027215469628572464,,0.0002,0.9999998807907104,0.0028303521685302258,0.02438511699438095,,
107000,32,0.0011744550429284573,,0.0002,0.05875980108976364,0.0005347842816263437,0.0006396707613021135,,
108000,32,0.0007581431418657303,,0.0002,0.019802860915660858,0.00036641740007326007,0.0003917257417924702,,
109000,32,0.0010203273268416524,,0.0002,0.026350773870944977,0.000493752071633935,0.0005265752552077174,,
110000,32,0.002295791171491146,0.002303630899405107,0.0002,0.16573718190193176,0.0007955998880788684,0.0015001911669969559,0.0006394174735760317,0.0016642134345602245
111000,32,0.0010473646689206362,,0.0002,0.06320125609636307,0.00035376398591324687,0.0006936007412150502,,
112000,32,0.0013822659384459257,,0.0002,0.15329737961292267,0.00046360614942386746,0.0009186597890220582,,
113000,32,0.0015488234348595142,,0.0002,0.11679405719041824,0.000599635299295187,0.0009491881355643272,,
114000,32,0.05765886977314949,,0.0002,0.9999999403953552,0.005108912009745836,0.05254995822906494,,
115000,32,0.0011722566559910774,0.0015470166748855264,0.0002,0.09548540413379669,0.00035523949190974236,0.0008170171058736742,0.000563975190743804,0.0009830414783209562
116000,32,0.0015242586378008127,,0.0002,0.20492053031921387,0.0005401144735515118,0.000984144164249301,,
117000,32,0.001649137120693922,,0.0002,0.2519397437572479,0.0006245438125915825,0.0010245933663100004,,
118000,32,0.002844099188223481,,0.0002,0.47570204734802246,0.0007666919846087694,0.0020774072036147118,,
119000,32,0.0012610550038516521,,0.0002,0.06495548039674759,0.0004675295786000788,0.0007935254252515733,,
120000,32,0.0013857204467058182,0.0035137166269123554,0.0002,0.10045625269412994,0.0004758352297358215,0.0009098852169699967,0.001165321917505935,0.002348394674481824
121000,32,0.0015084317419677973,,0.0002,0.07128454744815826,0.000660484132822603,0.0008479475509375334,,
122000,32,0.0019037006422877312,,0.0002,0.13228687644004822,0.000659949379041791,0.0012437512632459402,,
123000,32,0.019995588809251785,,0.0002,0.9999998211860657,0.004603270906955004,0.015392318367958069,,
124000,32,0.0013395301066339016,,0.0002,0.09600071609020233,0.0006378496764227748,0.0007016804302111268,,
125000,32,0.0012506631901487708,0.0033407209673896434,0.0002,0.04180900380015373,0.0004418290627654642,0.0008088341564871371,0.0007279534067492933,0.002612767618848011
126000,32,0.0013703417498618364,,0.0002,0.20721520483493805,0.00047763733891770244,0.0008927043527364731,,
127000,32,0.0010128298308700323,,0.0002,0.05716559663414955,0.000484245247207582,0.0005285845254547894,,
128000,32,0.0009618190815672278,,0.0002,0.08258708566427231,0.00039799363003112376,0.0005638254806399345,,
129000,32,0.0010226601734757423,,0.0002,0.044158849865198135,0.0003967240918427706,0.0006259360816329718,,
130000,32,0.0009228922426700592,0.007417459995485843,0.0002,0.03494076058268547,0.0004235112282913178,0.0004993809852749109,0.001463289378443733,0.005954170523909852
131000,32,0.0013015682343393564,,0.0002,0.07152783870697021,0.0005029146559536457,0.0007986535783857107,,
132000,32,0.002112610498443246,,0.0002,0.3997263014316559,0.00048302975483238697,0.001629580743610859,,
133000,32,0.001062649767845869,,0.0002,0.07611756771802902,0.0003943214542232454,0.0006683283136226237,,
134000,32,0.0012850002385675907,,0.0002,0.10898516327142715,0.00048581737792119384,0.000799182802438736,,
135000,32,0.001097288215532899,0.0017685123486444354,0.0002,0.04327582195401192,0.000591107876971364,0.0005061803385615349,0.0004311503318604082,0.001337362005142495
136000,32,0.0009242736268788576,,0.0002,0.048052288591861725,0.00044010166311636567,0.0004841719928663224,,
137000,32,0.0009650568244978786,,0.0002,0.07924053072929382,0.00042286189272999763,0.0005421949317678809,,
138000,32,0.004357301164418459,,0.0002,0.9999991655349731,0.0013846324291080236,0.0029726687353104353,,
139000,32,0.010810044594109058,,0.0002,0.9999997615814209,0.0021346656139940023,0.008675378747284412,,
140000,32,0.0029039615765213966,0.0015827196184545755,0.0002,0.43388259410858154,0.0008688864763826132,0.0020350751001387835,0.0004526811957475729,0.001130038421251811
141000,32,0.0029994375072419643,,0.0002,0.2755824029445648,0.0006511480314657092,0.0023482893593609333,,
142000,32,0.0010805423371493816,,0.0002,0.031309835612773895,0.0005639035953208804,0.0005166387418285012,,
143000,32,0.001112293335609138,,0.0002,0.07797826826572418,0.0005800870130769908,0.0005322063225321472,,
144000,32,0.0008371144067496061,,0.0002,0.06094099208712578,0.00031874721753410995,0.0005183671601116657,,
145000,32,0.0009596640593372285,0.0014078987238463013,0.0002,0.11451970785856247,0.00029894307954236865,0.0006607209797948599,0.0005367944395402446,0.0008711042639333755
146000,32,0.0008027636213228106,,0.0002,0.03698332607746124,0.00040241912938654423,0.0004003444919362664,,
147000,32,0.0008772260625846684,,0.0002,0.06673650443553925,0.0003322637057863176,0.0005449623567983508,,
148000,32,0.0011877873912453651,,0.0002,0.0446653887629509,0.0005828785942867398,0.0006049087969586253,,
149000,32,0.0009321005782112479,,0.0002,0.02835906110703945,0.00047763518523424864,0.0004544653929769993,,
150000,32,0.0013065033126622438,0.0023903302673716096,0.0002,0.23994310200214386,0.000537753920070827,0.0007687493925914168,0.0009320165670942515,0.0014583136944565922
151000,32,0.0021181940101087093,,0.0002,0.5424192547798157,0.0007604087004438043,0.001357785309664905,,
152000,32,0.0004873461148235947,,0.0002,0.01442564744502306,0.0002426881401333958,0.0002446579746901989,,
153000,32,0.002568325027823448,,0.0002,0.6697766780853271,0.0006086656940169632,0.001959659392014146,,
154000,32,0.0010664074216037989,,0.0002,0.1980224996805191,0.0003469762741588056,0.0007194312056526542,,
155000,32,0.0007709178607910872,0.0014664048212580383,0.0002,0.04427456110715866,0.00031785405008122325,0.00045306378160603344,0.0004629040806321427,0.0010035007493570448
156000,32,0.0005328019033186138,,0.0002,0.03674579784274101,0.00026695383712649345,0.0002658480661921203,,
157000,32,0.0008577947155572474,,0.0002,0.08659378439188004,0.0003172486904077232,0.0005405460251495242,,
158000,32,0.0007574895862489939,,0.0002,0.031402792781591415,0.0003381318529136479,0.00041935776243917644,,
159000,32,0.0009213426965288818,,0.0002,0.03673591464757919,0.0004224113654345274,0.0004989313310943544,,
160000,32,0.0012442974839359522,0.001996197708649561,0.0002,0.03958834707736969,0.0006074843695387244,0.0006368131726048887,0.0005708781012799591,0.0014253196102799847
161000,32,0.0024307635612785816,,0.0002,0.29405951499938965,0.0005653668195009232,0.0018653968581929803,,
162000,32,0.0014576927060261369,,0.0002,0.15298792719841003,0.00046482592006213963,0.0009928668150678277,,
163000,32,0.0019370170775800943,,0.0002,0.3109942078590393,0.0005766830872744322,0.0013603339903056622,,
164000,32,0.0008077979437075555,,0.0002,0.07779362797737122,0.00034194946056231856,0.00046584848314523697,,
165000,32,0.0009653712040744722,0.0012127682392019778,0.0002,0.05905333533883095,0.00041505409171804786,0.0005503171123564243,0.0003090732905548066,0.0009036949486471713
166000,32,0.005724899470806122,,0.0002,0.9999996423721313,0.000918839534278959,0.004806059878319502,,
167000,32,0.0010859797475859523,,0.0002,0.07668022066354752,0.00043315705261193216,0.0006528226658701897,,
168000,32,0.0036950428038835526,,0.0002,0.7354661822319031,0.0005056989612057805,0.003189343959093094,,
169000,32,0.001813197392039001,,0.0002,0.142323300242424,0.00040964558138512075,0.0014035517815500498,,
170000,32,0.001232412876561284,0.001561377214966342,0.0002,0.27161934971809387,0.0002990262000821531,0.0009333867346867919,0.0003833970840787515,0.0011779801454395056
171000,32,0.0005972109502181411,,0.0002,0.060638099908828735,0.00020520731050055474,0.0003920036251656711,,
172000,32,0.002939737867563963,,0.0002,0.7552027106285095,0.0010256055975332856,0.0019141323864459991,,
173000,32,0.001158874947577715,,0.0002,0.16911420226097107,0.0005421566311269999,0.0006167182582430542,,
174000,32,0.0023270826786756516,,0.0002,0.5448509454727173,0.0004276389954611659,0.0018994435667991638,,
175000,32,0.0011296090669929981,0.0011321590922307224,0.0002,0.1434326171875,0.00036846735747531056,0.0007611416513100266,0.0003752772725420073,0.0007568818196887151
176000,32,0.0016651065088808537,,0.0002,0.11830930411815643,0.0005364104290492833,0.0011286960216239095,,
177000,32,0.0020260480232536793,,0.0002,0.3663521111011505,0.0004738353891298175,0.00155221251770854,,
178000,32,0.0008877384243533015,,0.0002,0.04934270679950714,0.00046150077832862735,0.0004262376460246742,,
179000,32,0.0008054269128479064,,0.0002,0.03507000207901001,0.00041296123526990414,0.0003924656775780022,,
180000,32,0.0008955037919804454,0.0009433074039407075,0.0002,0.04594143480062485,0.00038176652742549777,0.0005137372645549476,0.0003459420637227595,0.0005973653169348836
181000,32,0.002082077320665121,,0.0002,0.2789362370967865,0.0007143114926293492,0.00136776571162045,,
182000,32,0.0006252257153391838,,0.0002,0.015531904064118862,0.0003621592768467963,0.00026306643849238753,,
183000,32,0.0009540988830849528,,0.0002,0.10257486999034882,0.0003392669023014605,0.0006148319807834923,,
184000,32,0.0008038363303057849,,0.0002,0.03704973682761192,0.00034552166471257806,0.0004583146655932069,,
185000,32,0.00292737758718431,0.001183050952386111,0.0002,0.32389307022094727,0.00038599761319346726,0.002541380003094673,0.0004431543231476098,0.0007398966059554368
186000,32,0.0021290811710059643,,0.0002,0.3621906042098999,0.0009317182702943683,0.0011973630171269178,,
187000,32,0.0026385746896266937,,0.0002,0.6142979264259338,0.0005306713283061981,0.0021079033613204956,,
188000,32,0.009742642752826214,,0.0002,0.9999989867210388,0.0005265995860099792,0.009216043166816235,,
189000,32,0.0009557457524351776,,0.0002,0.1686369627714157,0.00021242005459498614,0.0007433256832882762,,
190000,32,0.0005212576361373067,0.0010392551659606398,0.0002,0.043720562011003494,0.00016961380606517196,0.0003516438009683043,0.00032246464543277397,0.0007167905219830573
191000,32,0.0012401563581079245,,0.0002,0.1484932005405426,0.0003468252543825656,0.0008933311328291893,,
192000,32,0.0016832179389894009,,0.0002,0.15621459484100342,0.0003485805937089026,0.0013346374034881592,,
193000,32,0.0007685229065828025,,0.0002,0.05362403765320778,0.0002495178487151861,0.0005190050578676164,,
194000,32,0.005545558407902718,,0.0002,0.9999992847442627,0.0008993067312985659,0.004646251443773508,,
195000,32,0.0015433180378749967,0.0013275671401061118,0.0002,0.4048464000225067,0.0003836912801489234,0.0011596267577260733,0.00042215843859594315,0.0009054086985997856
196000,32,0.0010345689952373505,,0.0002,0.06760994344949722,0.000464481592644006,0.0005700874608010054,,
197000,32,0.001616914290934801,,0.0002,0.3830012381076813,0.00034884054912254214,0.0012680738000199199,,
198000,32,0.0019682347774505615,,0.0002,0.5180951356887817,0.0006468325154855847,0.0013214023783802986,,
199000,32,0.0008261180482804775,,0.0002,0.04786808416247368,0.00038313010009005666,0.00044298794819042087,,
200000,32,0.000829734024591744,0.002371401258278638,0.0002,0.06465566158294678,0.0003426393959671259,0.0004870946577284485,0.0005059357732534409,0.0018654654937563463
201000,32,0.0008376584155485034,,0.0002,0.11057987064123154,0.00030568803776986897,0.0005319704068824649,,
202000,32,0.0005820723017677665,,0.0002,0.012830321677029133,0.00026644906029105186,0.0003156232414767146,,
203000,32,0.000960487057454884,,0.0002,0.07789749652147293,0.0003507672226987779,0.0006097198347561061,,
204000,32,0.00422892440110445,,0.0002,0.3615584969520569,0.0008514218498021364,0.0033775027841329575,,
205000,32,0.002047755755484104,0.0022074322681874038,0.0002,0.36063817143440247,0.0004708390333689749,0.0015769167803227901,0.0005552182847168297,0.0016522140096640215
206000,32,0.0011458455119282007,,0.0002,0.1861574500799179,0.0004447274259291589,0.0007011180277913809,,
207000,32,0.001861259457655251,,0.0002,0.21831007301807404,0.00023881586093921214,0.0016224435530602932,,
208000,32,0.0011406969279050827,,0.0002,0.11886575073003769,0.0004925635876134038,0.0006481333984993398,,
209000,32,0.0013029584661126137,,0.0002,0.1705079823732376,0.00047883743536658585,0.0008241210598498583,,
210000,32,0.0005635841516777873,0.002372587431455031,0.0002,0.022657454013824463,0.0002927543828263879,0.0002708297979552299,0.0004639168022549711,0.001908670598641038
211000,32,0.0008718499448150396,,0.0002,0.10376179218292236,0.0003591704007703811,0.0005126795149408281,,
212000,32,0.001089506084099412,,0.0002,0.07292162626981735,0.000453651649877429,0.000635854434221983,,
213000,32,0.0025051080156117678,,0.0002,0.23150931298732758,0.00033221094054169953,0.0021728971041738987,,
214000,32,0.0007224801229313016,,0.0002,0.03292624279856682,0.0003545795916579664,0.0003679005312733352,,
215000,32,0.0006662814994342625,0.0016073072969447822,0.0002,0.030070656910538673,0.00025380769511684775,0.00041247380431741476,0.0002996250972501002,0.0013076822011498733
216000,32,0.0007988271536305547,,0.0002,0.06863688677549362,0.00035625704913400114,0.0004425700753927231,,
217000,32,0.0008566493634134531,,0.0002,0.08381307870149612,0.00027618760941550136,0.0005804617539979517,,
218000,32,0.0019151668529957533,,0.0002,0.3766299784183502,0.0003222779487259686,0.0015928888460621238,,
219000,32,0.0005284964572638273,,0.0002,0.022695183753967285,0.0002653880510479212,0.0002631083771120757,,
220000,32,0.0006350926123559475,0.0006761224911315366,0.0002,0.04755408316850662,0.0002472205669619143,0.00038787201629020274,0.00027575804851949216,0.00040036443824646993
221000,32,0.0018673439044505358,,0.0002,0.07460525631904602,0.00047978857764974236,0.0013875552685931325,,
222000,32,0.0016532542649656534,,0.0002,0.3965917229652405,0.0005310928681865335,0.00112216139677912,,
223000,32,0.0008475453360006213,,0.0002,0.08691989630460739,0.0003727041475940496,0.0004748412175104022,,
224000,32,0.0006027292693033814,,0.0002,0.08849547058343887,0.00019988330313935876,0.0004028459661640227,,
225000,32,0.0017493515042588115,0.0012659425468882547,0.0002,0.30946630239486694,0.0005190949887037277,0.0012302565155550838,0.00038683908933307977,0.0008791034269961528
226000,32,0.0011942372657358646,,0.0002,0.24815721809864044,0.0002376126212766394,0.00095662462990731,,
227000,32,0.001021705218590796,,0.0002,0.08476181328296661,0.00047791548422537744,0.0005437897052615881,,
228000,32,0.002352531533688307,,0.0002,0.43360471725463867,0.00043982823262922466,0.0019127032719552517,,
229000,32,0.000538863823749125,,0.0002,0.028720486909151077,0.00025666443980298936,0.0002821994130499661,,
230000,32,0.001045407261699438,0.002047992846928537,0.0002,0.2973538041114807,0.00020081771072000265,0.0008445896091870964,0.0003310339088784531,0.0017169589613331483
231000,32,0.0009590053232386708,,0.0002,0.15549370646476746,0.0003613546723499894,0.0005976506508886814,,
232000,32,0.0006037148414179683,,0.0002,0.0666843131184578,0.00018784706480801105,0.0004158678057137877,,
233000,32,0.00866408459842205,,0.0002,0.9999997019767761,0.003979599103331566,0.004684485029429197,,
234000,32,0.0010816191788762808,,0.0002,0.13809935748577118,0.0003592328284867108,0.0007223862921819091,,
235000,32,0.002702352125197649,0.0007273036142578348,0.0002,0.6015824675559998,0.0005766042741015553,0.0021257479675114155,0.00026499366940697656,0.0004623099521268159
236000,32,0.003752626245841384,,0.0002,0.9446327090263367,0.0009122819174081087,0.0028403443284332752,,
237000,32,0.000693963491357863,,0.0002,0.07777296006679535,0.00021463361917994916,0.00047932990128174424,,
238000,32,0.0004927413538098335,,0.0002,0.03587670996785164,0.00022516754688695073,0.0002675738069228828,,
239000,32,0.0021775418426841497,,0.0002,0.4248499274253845,0.0003543104394339025,0.0018232313450425863,,
240000,32,0.0010301250731572509,0.0018494865973480046,0.0002,0.1294402778148651,0.0002680970064830035,0.0007620280375704169,0.0006557491462444887,0.001193737454013899
241000,32,0.0005696433363482356,,0.0002,0.031109673902392387,0.00018121492757927626,0.0003884283942170441,,
242000,32,0.0006025182083249092,,0.0002,0.14381630718708038,0.00012636350584216416,0.0004761547315865755,,
243000,32,0.000612019095569849,,0.0002,0.05544374883174896,0.00020335515728220344,0.0004086639382876456,,
244000,32,0.0004640662809833884,,0.0002,0.035973455756902695,0.0001831266999943182,0.000280939566437155,,
245000,32,0.0024309158325195312,0.0015034611686132848,0.0002,0.6421481370925903,0.0003261356323491782,0.0021047801710665226,0.000342659377201926,0.0011608017928665503
246000,32,0.002597726183012128,,0.0002,0.8328108787536621,0.0004680817073676735,0.002129644388332963,,
247000,32,0.00038478756323456764,,0.0002,0.022158561274409294,0.00017206677875947207,0.0002127207990270108,,
248000,32,0.000829559750854969,,0.0002,0.16563916206359863,0.00019215370411984622,0.0006374060176312923,,
249000,32,0.0009984642965719104,,0.0002,0.12767760455608368,0.00034793338272720575,0.0006505309138447046,,
250000,32,0.0008453847840428352,0.0036328369460534304,0.0002,0.08783277869224548,0.00028634187765419483,0.0005590429063886404,0.001149473965051584,0.0024833629751810802
